Weights
4700 4400 4800 4500
4700 4200 4700 4800
4500 4400 4800 4800
4200 4600 4500 4000
Inputs
4800 4600 4000 4500
3c00 4600 4880 3c00
4200 4700 4400 4880
4200 4500 4200 4700
Partials
4000 4500 4800 4880
4880 3c00 4880 4700
4880 4800 3c00 4800
4800 4200 3c00 4800

Multiply

Inputs
4500 4880 4700 4000
4400 4880 4000 4880
4500 4000 4400 4700
4800 4200 3c00 4400
Partials
4200 4200 3c00 4500
4700 4880 4700 4880
4800 4000 3c00 4700
4700 4800 4500 4200

Multiply

Weights
4000 4700 4400 4800
4880 4200 4600 3c00
4500 4800 4000 4700
4400 3c00 4880 4200
Inputs
4700 4000 4800 4400
4200 4500 3c00 4880
4600 4700 4400 4000
4800 4200 4500 4700
Partials
3c00 4880 4200 4600
4700 4400 4000 4800
4200 4600 4700 4500
4000 4800 3c00 4400

Multiply
