Weights
2.046404 2.217043 7.748399 7.458439 3.480103 5.067579 8.217220 3.025757 2.120726 8.019064 5.150910 1.573110 1.640849 4.685047 8.334023 3.340558 3.300679 1.302360 5.590282 5.159799 7.602623 6.044998 9.163307 8.634055 4.245523 3.801022 6.715148 3.471980 6.632432 7.347803 8.307778 9.528296
9.249968 4.054717 9.581889 9.770171 5.563385 4.123213 5.191062 2.153547 2.051325 5.797320 6.511542 2.941204 2.435245 1.686609 5.760270 4.211333 2.660679 8.688307 2.502817 4.819830 7.391309 1.516814 2.292137 1.079221 4.750462 2.202227 9.296208 3.749847 6.486063 5.001922 4.275729 1.099396
3.547879 5.825152 1.890643 4.316350 2.347033 6.495247 2.018905 3.968408 5.700270 6.036558 7.494314 3.141831 4.775641 3.514519 8.857293 1.993833 5.727406 7.283619 6.840108 3.458061 5.870643 4.817740 3.071306 1.599122 1.554981 2.839718 7.468006 7.728215 5.245026 7.471710 5.741155 9.030779
7.025634 3.352160 7.848653 9.753294 2.877887 8.147677 7.806195 2.659778 8.961384 7.407589 3.028461 9.283781 1.693530 7.789809 2.096696 1.853938 2.350085 4.410116 5.872417 4.297875 4.152946 8.904089 6.080018 1.949276 1.790651 2.681614 9.947162 1.569070 3.192826 5.348729 2.426756 2.996620
5.815083 7.113589 5.315245 6.522578 4.784124 3.364900 4.994982 8.496613 9.328788 1.304435 4.727787 3.213338 8.035913 2.622879 9.314253 7.440501 1.459041 1.054026 4.538670 1.336377 1.387046 4.451909 1.587304 7.452681 7.112020 1.148208 7.753561 9.131154 8.943382 2.674282 4.519630 5.831784
8.664346 8.807164 7.920016 9.306956 6.261789 9.624845 9.057496 2.102107 5.073149 5.085354 2.143655 1.889897 3.605518 3.152363 1.750926 9.911943 5.866586 9.113028 3.490430 8.645370 1.586839 3.938206 7.228380 5.479625 3.018041 3.524660 8.429590 3.062726 8.272165 7.768943 1.378118 8.058641
1.161388 7.690195 1.885357 2.281570 8.675087 8.948465 9.271356 4.067037 3.408541 3.784344 2.910278 9.054401 8.511471 4.286580 5.481017 6.985078 3.276289 1.308760 3.345000 1.534558 1.746042 8.505616 4.724294 8.287272 9.855799 1.828646 9.853359 6.400465 8.067900 7.721704 5.299098 2.365290
9.320633 2.846338 5.115034 5.953702 4.803053 5.187571 9.789153 2.007734 4.018161 8.026862 4.239341 2.953275 8.517631 3.128644 2.043415 1.776324 3.993498 9.987417 1.111047 8.764538 5.030882 2.741893 6.569804 9.469784 1.499119 2.153100 2.706912 7.800526 4.106241 5.012121 1.234961 4.541193
2.023513 9.470479 3.526507 8.298876 7.934192 2.034034 6.697497 4.154984 6.031946 7.339742 4.160236 5.879696 7.419865 8.685628 7.803354 6.231356 3.696337 2.775716 3.666471 6.775581 7.607578 8.778021 5.682085 5.020478 1.947523 3.557190 4.140086 9.812809 3.987339 6.778233 2.715183 3.442048
1.098922 8.579733 6.904576 5.330761 9.382126 8.379075 3.533735 5.773326 9.011323 8.494467 3.382875 8.412135 9.094705 6.962021 9.823216 7.591517 4.951254 8.677111 3.685196 7.084961 9.609857 3.540550 1.615402 7.041552 5.370656 8.257311 8.085000 5.977025 3.018587 4.938159 6.832962 3.427022
1.446216 1.458649 8.364213 8.269957 4.005398 8.210275 1.669433 5.895937 8.423850 4.807674 8.877650 2.862196 5.745846 2.672360 3.647290 2.920267 7.137416 8.523468 9.767943 5.259075 3.309990 2.783233 4.239779 4.077622 2.877242 5.269791 5.226991 8.118428 2.916847 4.875473 4.225101 2.391050
8.673490 5.993325 7.609184 7.354989 1.094145 1.928721 5.093647 4.016082 1.211334 9.515001 2.048530 7.990897 5.956411 1.970544 3.020779 2.349402 2.812388 9.121499 2.022643 3.134061 6.593503 5.028373 8.792386 8.164161 6.444985 7.877337 4.034843 6.840426 5.126244 9.110471 9.924332 2.764482
9.844483 7.894939 2.262282 4.897028 9.659609 3.653304 4.335439 8.094710 9.711808 1.508656 1.621128 1.741831 9.665422 8.614419 8.751584 3.286323 7.970166 8.898790 2.470843 1.796343 9.938963 6.419691 4.258786 3.918381 3.414549 5.594571 3.355212 3.610450 9.673407 5.278766 4.456138 4.781231
9.813613 8.183182 8.447330 9.373974 2.480586 7.897831 9.239106 4.118508 2.840169 7.494128 8.029703 4.041902 5.703484 2.672872 4.797173 5.141337 9.904631 9.298074 4.587547 8.763031 2.692179 6.279680 5.006926 7.702636 8.813277 3.589275 7.335150 1.060105 9.034669 4.954345 6.343543 4.679778
3.480136 1.182092 4.911816 5.820196 7.424826 6.007143 5.132831 9.222484 5.566706 2.322273 1.850563 5.820040 7.950604 3.067248 8.761236 1.521682 6.862489 8.268743 6.282161 2.646014 7.078522 1.532106 9.155810 7.313275 9.763734 6.956232 1.673776 4.242595 4.354092 7.241969 3.524720 1.201618
8.289542 1.459273 3.251023 8.471216 2.377755 6.993965 8.394001 8.076357 9.076739 4.266277 4.407093 9.352127 6.548735 6.047048 3.774128 1.629606 5.652110 8.789873 4.428141 6.412648 9.544673 6.284028 8.403407 3.988441 7.108499 4.771792 1.602875 4.703532 3.183135 9.995151 3.338362 4.336580
5.413938 3.694232 6.758081 9.362625 6.705579 7.012414 1.997499 5.135703 3.078867 3.174546 5.826167 5.637389 8.864748 5.563825 4.205690 3.314238 6.077590 9.905815 2.854696 2.443895 2.603092 8.207659 9.515056 2.542735 6.961450 6.895252 1.944636 9.919917 9.256940 3.002011 4.986649 7.019187
4.490758 7.879539 4.157079 6.431229 4.162823 1.703920 2.800775 3.618662 3.528365 5.368504 2.098837 6.512853 2.058195 8.485773 9.217504 5.173240 8.372276 5.226971 8.489991 3.421303 4.437595 2.562307 2.122918 5.538897 4.927838 5.601541 8.777934 4.590343 2.345191 3.637633 4.901263 7.405951
9.891782 3.544171 7.513927 6.221897 8.394530 7.168078 5.803616 1.035927 5.199767 6.176690 7.448492 9.126565 5.080085 5.116826 1.112045 9.538543 6.447227 1.821645 5.099484 5.300126 7.113243 5.216355 9.042925 3.452339 1.534762 6.445778 3.651897 4.394848 5.910176 7.433127 8.061875 2.092771
2.207689 2.135981 5.253498 1.440995 2.361612 5.945796 5.657695 5.481673 1.139762 9.379686 6.288828 2.629474 9.860455 5.296210 7.633920 8.678999 2.609587 8.365208 8.705631 4.037056 5.670010 3.058889 5.196308 7.850209 1.536788 2.438362 8.795075 4.374942 1.777958 5.622736 7.601034 9.568354
1.996139 8.902737 1.681211 1.841702 8.998793 2.196890 5.703003 5.777363 9.170495 3.934263 4.198500 4.530748 4.719902 3.144840 4.894128 4.345236 9.091086 2.851149 1.249188 1.911042 4.655688 6.857053 1.879096 5.774434 9.919517 3.828631 5.264955 3.106647 5.559512 3.978911 8.587985 3.545349
6.495209 9.065016 2.502560 3.601873 6.936641 5.157604 7.660665 3.062279 8.014869 2.959151 9.555041 2.323270 5.261376 5.868719 1.634113 3.931140 4.522563 4.968051 3.122301 2.573259 4.771967 3.819538 1.988583 8.939018 5.766908 5.592742 2.887410 2.965898 6.184547 6.108600 9.230903 6.843195
8.309075 8.215489 2.782702 6.836854 9.145930 5.708910 2.058250 6.418724 8.553711 6.953736 1.384604 9.248469 4.189525 8.277147 4.726696 9.506121 4.971720 7.659396 9.843031 8.903075 8.645479 8.727853 8.988323 4.557821 1.166485 5.296262 7.038968 9.527863 4.148226 8.028312 5.358554 5.748320
8.208314 1.538845 7.868423 9.009776 3.592105 7.434475 1.023372 7.777684 1.970327 7.496042 4.695693 1.847207 4.199805 4.203268 3.233681 8.241822 3.089886 5.139948 7.932507 6.073722 6.048054 9.536946 4.389969 7.646128 7.343634 2.966379 8.065749 9.185571 7.624234 8.324371 4.894056 7.146316
1.213127 7.505057 3.365495 8.940925 2.073177 6.224706 5.386428 8.846030 9.782871 4.684284 9.089360 6.286439 7.231810 8.768583 8.408821 8.145011 2.422531 7.833611 5.357935 9.943641 3.018924 1.028653 6.097635 6.547792 3.581086 7.079435 1.837372 6.137717 4.806394 9.652918 6.746278 3.955278
3.461759 1.961787 9.943665 5.147339 2.067396 5.675851 1.279448 1.774888 3.528329 4.789542 7.020975 3.859894 8.020387 6.500921 8.885177 1.926393 3.731371 6.143137 6.266104 7.381155 2.710010 5.348567 8.056607 6.658682 4.883861 7.384503 8.013239 5.317920 3.416584 6.346128 1.168239 6.223284
9.599586 5.784710 8.993973 6.875014 3.343786 3.318943 9.848046 4.595565 7.454467 8.728616 3.240071 6.525807 9.720385 9.047634 3.623547 9.435315 9.303434 7.327611 7.154530 1.707604 7.141900 5.265360 7.476555 7.428249 5.537278 5.272756 2.746593 2.424373 3.780916 3.999207 3.138185 5.207086
5.501050 5.250521 1.228379 5.434600 2.120854 9.118593 1.354563 2.331967 4.083467 1.729159 9.312639 9.686861 1.035626 5.480590 8.787568 1.834897 6.253575 2.455377 5.448903 9.509627 5.088428 5.274156 3.664663 8.084938 7.103174 4.466694 3.218175 6.348582 4.462704 6.731017 6.689257 3.854850
3.626559 2.546945 9.370312 7.599807 7.258962 8.235674 9.438070 4.659489 5.053887 8.515734 7.612158 7.887181 1.243686 2.440200 9.025705 1.084589 6.727656 6.618365 5.332494 5.509728 2.108090 3.844015 5.875455 2.111096 9.576008 8.558680 1.754443 9.300132 7.345364 6.667425 1.902086 4.712536
1.398160 3.221594 5.215722 5.292209 1.987962 9.120858 3.468535 9.574977 8.871208 7.763263 5.936610 5.951245 1.519564 4.651207 2.066175 9.274843 5.119028 9.899673 9.633967 2.489960 9.017870 7.126458 9.437865 5.641930 1.551354 7.492972 4.050154 8.722345 5.822513 6.844282 5.750939 6.067550
7.708646 1.227842 6.647464 5.276020 1.643840 5.634802 5.762134 2.863014 5.539006 1.052450 4.564772 8.482725 9.081770 3.546686 9.173833 4.575938 3.479300 8.298181 3.739900 4.376020 5.158510 4.635251 5.722977 4.538595 3.011945 1.743728 5.957327 5.486936 8.990530 8.545111 6.646194 4.269056
2.829563 7.934044 3.717551 7.590787 7.577662 8.375527 8.622887 3.158425 1.749479 7.981854 1.237548 8.137265 7.598759 3.506778 6.208658 3.062323 6.688153 7.515410 6.725348 6.240987 3.250459 5.707134 6.843256 6.557806 9.525140 5.250096 6.086727 7.485152 5.954043 1.483437 1.935906 5.045992
Inputs
3.194118 7.778464 5.711232 8.792281 6.190300 9.599644 2.330847 2.642468 5.884848 5.731917 4.145823 2.020122 6.811203 3.274098 6.052261 8.113547 1.535349 9.797747 5.696611 2.168181 6.492339 5.861357 5.473434 5.071987 9.608762 4.755670 9.812549 8.658765 3.112311 8.741835 8.277633 7.010489
7.505274 9.244974 1.092164 7.918308 4.582452 1.388164 4.280859 1.577126 8.646729 8.564790 4.825947 6.561662 5.098250 1.878449 5.585451 6.423383 6.244245 3.471061 4.848248 9.693728 8.588105 4.730452 5.996912 3.030226 2.631324 1.832261 5.372854 9.919954 6.989570 2.581952 5.506994 2.756313
4.460123 8.606704 5.684537 5.469451 3.319928 4.233894 1.513874 6.615949 1.538032 2.532353 7.611793 9.288852 6.639641 1.517586 9.855164 1.054325 5.708408 4.619780 7.783621 4.466474 8.876842 7.565671 8.449092 9.306381 5.756476 1.177884 5.176629 8.898625 7.910413 5.008877 7.483457 3.349888
7.520819 3.184003 7.400795 6.521619 6.892582 5.681399 1.482767 1.383356 9.651540 8.914775 4.815565 1.575139 4.692497 4.738954 2.409974 9.107433 2.851205 9.000929 2.957884 7.802520 4.587457 9.990940 4.696850 7.555280 7.915136 8.775454 9.752051 4.532756 5.590021 7.296658 3.641037 8.665809
3.249863 5.778091 1.112142 4.954435 4.547932 4.270905 8.176708 5.117393 1.022316 4.889733 1.444363 8.370101 9.637492 4.600372 2.940348 5.414434 1.528443 2.980853 2.371100 7.634110 8.350276 7.661566 7.371501 3.385067 6.775478 1.238613 2.283255 8.324284 1.216107 4.453391 8.427453 3.271568
8.246126 3.918342 6.089803 3.625156 7.060058 4.870464 7.867205 6.971481 6.612138 1.950961 9.522050 9.332000 9.306718 4.392274 3.248158 6.058908 6.845216 4.652558 8.523114 6.230456 3.026702 7.410662 7.996565 8.084947 4.176628 2.178573 5.054767 6.032320 3.402074 5.682754 8.758761 5.332688
4.444302 8.353939 4.126560 4.017488 6.085229 8.659509 1.699462 1.351383 8.571988 7.159669 7.656715 9.951873 6.979025 8.998932 3.013157 2.557632 8.164572 3.664659 3.756090 4.610289 5.561674 5.674270 5.025650 1.136943 2.540111 7.499733 2.133250 4.365719 7.552208 1.704934 9.738839 6.714968
3.537519 7.341599 2.977549 1.968476 4.449598 2.639741 9.851994 5.814335 7.395897 1.683895 3.556824 6.762643 1.352495 1.161906 5.468645 8.859723 3.014694 6.909609 7.471544 1.435995 6.471382 3.284265 3.305314 5.927963 5.488848 3.303899 3.687648 4.251849 2.823693 8.955522 9.863081 6.224013
3.917877 5.647446 7.268559 6.810703 1.818654 6.613116 5.752006 6.803201 9.555873 4.926338 4.611867 9.590078 8.589972 3.710895 4.424440 7.959772 8.921338 4.164168 8.949000 9.147172 9.720214 9.476397 7.706783 2.012937 2.618462 3.537977 1.887940 9.658651 7.232270 5.408008 4.547284 4.284897
2.857190 3.631741 2.624955 6.494679 1.921439 8.303946 7.022899 7.488376 1.013833 1.955571 8.961830 6.019483 8.990952 1.541562 6.836852 9.976004 3.962237 5.859017 6.003003 1.902680 7.114924 8.962672 3.464908 4.163000 7.682294 4.818674 7.378402 1.526073 9.357588 5.355927 4.370648 7.760621
1.906081 7.651248 6.978989 5.216174 9.466063 5.719958 2.083426 5.808837 1.745226 7.343892 8.907247 8.882757 9.544858 9.553367 3.137670 9.677117 4.635354 6.318950 3.052136 3.239023 5.349767 5.609554 4.349583 6.053658 9.824347 5.794131 2.080873 9.833486 6.791408 7.291559 6.760511 8.164711
5.494503 6.519149 1.055303 5.301686 4.900055 4.219128 4.817162 2.778651 1.814113 4.236205 5.549607 8.855109 1.135569 8.209823 2.015660 1.667696 4.203694 5.400087 5.818208 6.050384 1.128398 3.340758 5.726048 9.698114 8.469987 5.946519 6.330377 9.223156 5.836578 9.206968 6.502889 4.863042
2.729991 2.383528 7.989483 9.488269 4.124378 2.655540 2.892899 8.250909 2.320779 2.254739 3.412703 3.286453 4.469426 5.954178 8.206170 3.008607 9.165598 3.241231 3.927299 4.578122 4.334849 7.454849 9.792932 5.931897 4.333949 8.747989 5.714175 3.884293 7.433730 8.026970 7.780390 2.490345
9.200795 5.963782 4.894884 9.090600 6.825663 8.112158 4.144765 3.128695 9.329823 6.390691 7.200620 1.813399 2.677091 8.360962 3.247058 9.076412 1.176002 5.509568 7.695140 7.255923 4.331635 8.902187 5.576381 9.341950 4.602776 1.261727 6.610030 8.609260 8.936905 3.915848 3.297748 4.306015
8.264366 3.005969 1.499201 9.845394 2.037171 6.048226 7.594342 9.685863 7.768102 9.841595 4.554211 9.163916 1.667424 5.592103 4.377978 5.577943 3.346846 5.937673 2.091123 5.683522 7.827263 1.521074 1.895018 5.186244 9.032242 7.188298 8.890229 8.678982 9.727557 6.623549 3.812432 3.628373
6.254715 3.951810 3.347432 7.952248 1.564468 8.313051 6.256225 3.110054 4.424835 2.871713 2.845522 1.140693 8.654409 1.465325 6.663528 1.909226 4.323951 9.956136 1.782866 7.063968 6.671967 9.914765 1.486137 2.371912 1.148442 4.045679 6.637528 2.632095 2.690068 3.285172 8.227559 7.194461
1.326476 5.028282 7.707896 8.845599 4.042289 8.781208 3.558964 7.402233 2.307579 3.334242 6.098976 3.756264 2.869033 5.453152 6.257298 2.173645 7.302234 2.950751 3.328221 4.508591 1.833174 9.146619 1.349817 1.300641 7.697518 5.862218 9.147854 7.860296 8.270031 3.047730 3.190159 7.428088
7.205162 6.240376 1.880566 8.622742 1.156655 9.995792 8.042368 2.750902 5.177761 9.060468 9.974514 8.792462 6.917943 2.711531 4.713961 7.774362 1.355203 1.159843 6.181512 7.446934 1.655876 5.145121 8.282971 7.807673 8.059654 9.173263 9.645853 4.295717 2.130937 3.934159 5.890425 7.415859
9.166909 8.643092 6.635350 8.451319 3.787376 1.471144 8.081116 1.513532 5.119846 2.340944 5.402911 1.663499 9.837611 5.413118 1.356766 4.206998 5.240648 7.418695 5.994573 3.099123 3.632822 8.917195 3.248376 7.625427 3.262792 8.641805 1.766632 3.586673 5.871379 5.253967 8.297927 8.945123
8.354315 2.289253 4.483586 9.672680 3.262190 5.002307 8.270520 1.423812 5.740626 8.749080 5.089377 2.112996 5.866538 2.092320 3.752375 7.539913 8.068285 3.134693 1.430770 6.316656 4.848658 5.187588 3.549907 8.671895 7.213283 3.192195 5.099172 8.164851 7.428233 5.630501 3.413054 7.943860
2.407036 1.419096 2.654621 4.116619 7.151335 9.740377 7.414423 6.291587 4.529905 1.897059 4.203986 2.371720 8.223343 3.753069 1.316427 1.645793 3.291957 3.093115 4.766284 4.026010 5.397310 2.749668 7.414580 7.597249 1.132182 8.652322 5.225170 6.899022 8.150704 4.170766 2.127010 9.008725
7.518057 1.572306 1.725618 7.916060 7.895905 4.090353 5.572732 4.963870 3.849233 9.201853 8.637534 5.408865 1.343079 2.442375 1.498670 5.528533 1.282110 6.079858 3.461047 2.218513 4.730222 9.799029 7.492030 7.832431 2.158145 3.494857 4.109157 3.928899 4.973036 1.254405 3.438232 6.366280
7.823394 1.071959 7.316359 6.044671 4.494996 9.351942 9.102268 6.815659 3.414611 2.914333 1.836284 9.436927 1.696024 9.636700 7.141923 6.312152 9.209675 9.924034 7.586089 4.410950 4.426717 1.602627 1.840341 7.232815 3.111278 1.472172 2.925478 2.353704 2.847957 5.631922 6.073426 4.246931
1.692684 2.052343 3.525555 6.575888 8.991372 7.442976 8.135788 8.741168 3.813040 7.143234 2.965179 2.862805 4.297485 8.301596 1.841571 1.458159 6.113761 4.329672 4.226164 9.444420 9.454564 1.853227 8.630495 9.528502 7.433603 2.736237 1.619487 2.989513 6.491051 4.514764 4.496596 8.168796
1.689259 5.126915 4.927657 9.680932 8.398269 7.804834 9.268610 3.056140 7.517625 1.580059 3.998493 5.627035 6.295031 7.017516 5.059598 2.984975 6.639922 3.512449 7.774378 2.030194 5.478685 2.165235 9.124409 5.532798 9.557702 7.956754 5.821694 3.259101 2.051000 6.149878 9.221405 1.290796
7.236606 9.668047 6.720351 1.873659 9.015813 9.428512 2.796054 5.067804 8.876871 6.313465 2.084484 1.887185 5.584177 6.021888 2.013085 5.436556 5.356075 2.874998 2.651383 2.753807 6.001928 6.745749 5.301066 1.235242 9.004506 2.133207 3.796627 1.019435 8.275136 7.469828 6.376123 3.282564
1.608882 6.611564 9.897522 9.772992 3.357032 5.008196 8.655316 9.702755 9.446587 7.009914 1.786285 9.526600 6.410230 7.399788 8.060223 1.061227 3.013801 8.409846 6.987231 3.125696 9.219169 7.330112 8.587754 8.639012 1.858225 2.256049 3.031337 2.495335 3.644328 2.393366 2.553232 3.007296
6.814834 9.071173 9.091651 9.855190 1.144217 3.665347 8.739656 7.314405 4.913542 1.849441 8.701855 8.753080 6.447712 3.971983 3.129270 1.241961 3.065955 5.991195 7.669577 2.473485 2.861195 6.317044 5.607215 1.588643 4.099702 8.734156 7.523770 2.754731 6.878353 3.874427 8.379066 6.309569
2.410641 2.113579 6.259247 2.965187 2.343548 4.859992 6.059457 9.572765 1.377511 2.082993 9.255087 2.915191 8.985051 6.332786 2.711758 7.555026 4.510887 7.789956 6.634246 9.816120 7.445102 4.204887 9.360519 2.409278 1.387565 2.306577 8.007159 5.279461 9.488610 8.735841 3.256730 1.784370
7.784728 5.135229 1.008430 5.062385 3.333177 9.287766 2.686887 5.093809 3.531933 9.897473 8.384624 6.342115 2.061893 8.432360 6.797532 3.785983 1.405790 5.404696 4.122366 9.862044 6.491543 8.864389 2.935466 3.080385 3.996356 6.197658 9.279605 3.383410 7.093389 8.882425 3.106001 6.496518
6.806715 7.140754 7.736923 6.779546 7.685851 2.691172 7.952670 1.693770 2.111784 7.697135 3.911805 3.965454 9.320204 4.682793 8.277423 4.329883 2.110402 7.462765 2.984902 1.133098 2.061317 9.025752 6.332087 6.328988 7.723938 7.890524 6.228859 1.199942 3.688237 9.412116 3.373796 7.772899
9.661832 6.702124 4.139384 7.078977 2.166402 1.739077 9.528102 9.833169 6.466538 3.542670 5.888501 7.444835 2.244045 6.972005 6.993451 9.204518 6.090000 8.896576 3.477812 5.553043 2.686098 1.167822 9.085515 8.989365 8.145737 1.788944 7.272585 3.824661 7.456674 3.633255 7.903588 7.534056
Partials
1.818513 8.720064 5.938558 7.403233 2.720838 1.141957 4.730323 2.736617 7.416850 6.294818 2.684120 8.036485 3.870616 6.194926 1.623724 5.440609 5.049304 9.399634 8.639663 2.788711 4.362172 4.225361 9.049582 5.096823 5.152841 4.665633 2.465384 4.335785 2.796229 6.884514 2.194831 2.255043
4.641433 7.785204 1.920391 5.255928 5.426003 3.212769 5.877413 5.212858 5.118693 6.515776 8.967933 6.175090 9.902387 5.948278 2.642731 5.169827 9.445640 1.805485 4.608437 4.214130 7.626385 3.994383 4.993461 1.941789 5.573101 3.757709 1.925226 5.168579 5.466890 3.826648 3.163037 4.406781
2.049399 2.738288 2.744751 5.526900 2.401764 9.242298 8.427246 7.426847 3.899161 4.667639 5.224667 9.617424 1.771992 1.052760 5.348155 2.701033 4.751948 5.956916 3.985882 5.937136 4.964407 3.623146 5.175032 3.081153 3.561598 6.800553 1.201238 1.012527 1.057379 8.939557 8.554277 4.834053
7.191577 4.725320 5.736382 9.816099 5.113934 1.528978 1.692581 9.572555 7.552935 3.230532 5.877465 6.582417 7.788816 3.768974 2.452773 6.885350 8.301916 2.714826 3.073839 6.210178 8.812059 8.056992 8.052666 5.136200 5.020795 1.002939 3.954893 6.331488 6.943324 6.742193 9.545363 6.005159
1.908458 7.405628 3.532374 7.685388 4.402518 2.260677 1.714067 7.886527 3.950650 3.598082 7.899280 2.991043 8.522186 5.688819 3.170727 8.421868 8.685324 4.874106 8.166122 9.430478 6.931092 9.305357 2.211364 2.029348 7.946603 1.596694 3.465164 9.863344 4.529183 9.696866 8.541198 5.171606
4.950243 5.262711 6.680364 2.620757 5.995913 6.817489 8.157968 9.408263 7.395747 5.617223 4.053619 6.338457 4.267720 2.356978 7.285395 6.262198 9.311176 6.146823 8.485415 9.321496 8.029233 1.913454 1.921609 3.132746 9.703910 7.810849 1.196481 6.767558 5.518556 9.931383 9.702915 8.576111
5.180972 4.198904 4.000618 2.641470 1.434367 9.413910 4.375276 1.909044 2.956490 5.085793 9.346192 3.178023 4.152751 2.059693 2.385768 3.148870 1.122796 5.812027 6.157640 5.664553 3.043435 9.895416 4.046550 4.592095 9.578868 4.263786 6.085386 6.543038 1.825817 2.165268 2.545308 7.794659
8.519095 9.510951 9.545118 1.497028 5.767626 4.344225 1.695344 9.448110 2.168634 9.501467 3.488032 4.645609 8.867201 9.421239 4.722859 8.602699 7.262845 2.174539 9.965743 8.032757 1.940113 9.215886 1.057904 8.869376 2.414571 9.798390 3.773859 6.440235 2.260137 7.932633 6.831331 7.205041
3.593768 3.217617 3.318116 1.647416 3.612070 4.311916 2.506612 8.604448 6.840776 7.230072 2.395029 8.428023 4.731086 3.629642 8.280422 4.829774 5.984120 8.340414 5.359994 9.081238 5.889216 5.850053 9.437050 1.181679 9.852653 8.207813 3.050724 3.354219 9.257526 2.860816 7.703270 2.167522
6.953890 2.361239 9.719425 1.546160 2.719970 3.580245 5.793947 2.926973 9.460084 1.287928 5.097674 1.035552 4.525631 5.927137 1.489898 3.778257 4.884369 7.559521 5.842357 2.896681 1.910168 9.132853 1.598391 4.415138 2.133287 5.184082 2.843584 2.685527 8.785324 6.625293 1.812314 3.386209
8.532667 5.661379 2.524119 9.264226 7.899697 8.080623 8.755549 1.479848 8.054047 6.117284 4.905846 8.424190 7.303405 7.961725 3.158441 6.493211 4.293072 6.649045 4.154719 4.074870 8.578516 7.400431 8.491201 4.473485 1.857310 2.407102 1.366410 5.303569 1.227122 7.551363 9.026014 8.238236
8.337653 8.582817 3.850381 6.405494 6.782599 2.278058 4.587602 9.903571 5.876679 9.326350 4.753513 3.386309 9.304077 5.433078 4.740077 2.826341 4.364564 9.467833 4.263645 2.952036 3.745578 5.348274 3.993727 8.561930 1.756686 7.859525 6.397792 3.380322 1.389979 4.076699 7.226637 9.067520
6.867613 3.718410 2.470732 1.111908 6.235617 9.512334 2.327949 2.945168 4.142945 5.567773 5.137574 9.099493 8.257197 5.317940 5.710672 4.919989 1.641961 7.374374 7.093650 1.075265 9.755404 5.072606 6.450681 1.547911 1.878132 6.945587 6.446039 5.526238 6.324702 6.069712 2.446380 3.804681
2.706678 2.962172 2.115603 6.222265 9.501570 1.594018 8.165950 3.058168 8.012516 5.140828 4.961475 6.111731 7.299095 6.882930 4.643599 9.780884 4.616483 7.858575 3.310282 7.104394 3.502455 8.483581 3.948003 7.955257 5.499777 6.801066 1.849982 2.802628 9.151709 9.404544 4.439536 3.544433
9.243350 1.201083 4.619841 5.360715 1.886512 9.578318 3.487039 4.715565 1.511787 4.191549 8.983445 8.841193 7.695312 4.637265 8.441075 6.128890 6.691824 6.313718 4.990610 4.115420 4.694111 9.279310 9.649315 5.223674 5.445854 7.656553 5.234735 9.103980 8.917290 6.530969 9.562735 1.336554
9.489901 7.425417 8.942823 9.977255 2.182489 8.386327 5.739455 6.445808 4.194097 7.811116 3.214146 9.939820 9.848272 4.960730 7.050811 4.552340 4.157268 5.522914 2.393520 7.041559 4.824755 9.276908 8.600373 5.261972 2.294049 4.714393 4.940435 5.855588 2.626497 9.005309 2.952886 3.634662
3.033658 9.574888 1.185523 2.932251 7.039955 3.313070 4.750767 5.880619 2.143201 4.335271 6.037390 2.808400 7.821952 5.153007 8.439974 1.499250 5.752510 4.182570 9.061647 8.117569 2.674919 9.991355 2.292360 1.157970 8.462268 8.768253 2.860333 2.017139 8.289914 7.550218 5.673443 9.787632
2.914005 9.289731 1.595200 2.448824 8.309991 6.040778 8.996668 4.652513 1.091555 5.307173 5.748572 8.411098 3.180765 6.354414 9.352613 2.950637 1.644718 8.332107 2.372900 2.005045 1.007214 4.268510 6.795598 3.207855 4.416772 7.880225 7.369700 9.613377 9.487536 4.023297 5.417563 1.798556
7.440335 2.346958 6.388242 2.690398 1.730899 4.836983 8.961306 9.557535 9.733436 2.244762 1.349137 3.853739 3.824291 9.277050 6.926659 6.782596 7.349951 3.676844 6.335307 8.583540 8.805146 5.137730 9.213890 7.155242 5.800592 8.838457 3.981187 8.474220 9.622237 1.089552 3.142799 9.226087
8.124938 5.556453 9.669234 6.197097 6.483192 4.275461 3.301910 4.664085 1.576810 3.154541 5.457009 8.070536 2.939122 8.727419 1.807388 2.975332 2.270978 2.128939 9.925177 5.693334 9.678026 3.472500 9.891860 9.977705 6.184314 9.973347 7.749996 1.355526 6.611018 7.822848 4.932944 6.657307
4.768570 7.827977 5.885106 7.510765 3.863087 9.200257 6.224337 7.856814 5.961835 5.010850 2.012482 5.149688 4.387420 7.615790 5.142321 8.009012 2.992213 8.835108 1.775138 7.187401 3.623483 8.796081 7.554965 9.712315 3.995256 9.818722 4.195405 9.628705 3.143347 7.373693 4.850118 6.164040
9.675846 8.134724 2.942569 8.626653 3.433185 9.703242 1.281133 3.644713 6.282804 6.181108 3.002365 2.161016 6.742557 7.538078 2.243713 8.751793 1.590160 7.725058 7.839404 8.381936 5.834938 1.899278 5.369041 2.611134 1.255647 5.585891 7.665630 7.447018 3.843451 6.622230 8.552524 3.904989
9.920188 3.126119 9.104283 5.627578 1.832426 6.528967 8.757808 9.587337 4.515899 7.053702 9.124551 9.234243 7.101993 2.332788 1.367303 5.003816 1.457932 7.477008 9.206697 3.779732 2.363343 7.870667 3.292466 7.922888 1.293847 9.932409 5.415010 8.436470 8.180678 4.964857 8.525860 1.648357
5.344219 9.595300 9.173438 8.475300 9.109404 2.403952 3.759699 6.270412 9.457032 4.334858 9.560778 3.322668 9.908438 9.582545 6.951964 1.190903 4.065442 7.472619 5.515917 5.775229 7.700673 4.090261 1.665015 8.823638 9.458979 1.048683 9.246748 9.544574 2.688490 3.930594 2.557260 1.415497
8.059089 9.007920 9.222683 2.450110 7.940614 8.996996 5.274934 6.772570 5.820829 6.433093 9.536770 6.372721 5.481410 6.388109 6.947525 5.184177 8.874479 7.938589 5.411798 4.181981 4.252885 8.972293 4.335693 1.053566 2.284602 9.512053 4.310709 9.165128 9.339324 8.303785 2.071354 9.815479
7.304692 5.939941 9.752636 5.643442 6.171838 9.944975 2.799429 1.209854 9.390210 2.429761 7.104158 8.007145 6.973431 9.531690 8.457940 1.568738 8.248381 2.345493 4.686026 2.100270 1.229779 1.824370 5.923383 2.900306 1.447782 3.591755 2.970716 9.921916 6.609893 2.987857 7.594533 5.027501
4.374081 1.887321 7.181462 5.433832 3.245491 1.724766 1.416805 8.381531 1.060214 7.686185 8.206474 9.556916 1.255696 2.066818 6.827428 7.939089 1.887254 1.468747 2.415581 3.871389 3.619364 9.627110 7.657407 5.463770 9.186703 4.183549 7.675333 6.131787 6.493282 1.710796 4.333369 5.984133
4.728850 8.323663 8.201639 5.445527 6.031223 6.876879 4.131943 7.891555 6.483278 8.308347 6.275078 8.446351 2.186510 1.531138 8.217303 8.145583 4.346648 4.642993 9.166344 8.173702 3.640850 2.303918 7.457554 6.542359 8.196537 5.874709 7.500906 5.210391 4.681705 5.638647 1.695310 6.978901
3.046990 5.579399 9.245080 7.338637 1.302476 9.903496 3.960659 1.551818 6.295465 1.455903 3.635245 6.738627 9.734150 6.344932 6.414731 5.859732 5.024418 7.078240 9.423870 9.209510 7.304965 3.586592 3.326439 3.741408 4.831307 1.638739 4.551997 3.974395 1.558622 1.730630 1.017922 1.635065
3.968267 9.336754 3.469348 3.923918 7.558412 2.274435 2.468605 4.958492 9.052951 8.294133 9.382492 3.692648 8.252998 4.886876 5.992032 7.476355 7.918903 1.299940 5.630228 1.675840 5.912880 3.292384 6.620267 1.660019 2.890742 9.884774 9.521911 9.281147 8.760084 4.722287 8.437389 4.890871
5.478434 7.406302 5.748839 6.265860 2.546034 1.992459 4.763036 7.187472 7.326165 5.495232 7.544835 6.597850 2.569919 9.262241 5.233604 2.300044 4.638779 9.005671 9.560864 3.570522 3.782313 7.067809 3.935808 1.142186 6.259236 3.495778 5.369981 7.333777 4.974963 6.118527 3.495557 8.001224
6.823873 8.678946 7.139975 6.145632 1.178915 3.114132 7.155072 6.895105 5.447372 7.094506 3.460165 6.414758 9.878042 4.622229 3.467897 3.102037 1.569922 9.096260 9.172038 6.807276 6.038455 9.223054 8.070504 9.724779 3.931831 1.018255 3.894270 8.096759 4.772749 4.523316 9.300331 8.932699
Multiply
Inputs
2.633772 4.794633 7.143736 1.943354 2.318602 8.609232 2.255402 8.408141 2.930429 6.793475 7.631377 6.708412 2.185536 9.674945 2.447329 8.218992 4.099168 8.431801 2.673029 5.642513 6.182643 7.019417 4.853246 8.915496 1.221550 8.941618 5.676052 4.535958 8.058599 1.586622 2.868056 9.141858
8.017884 6.213782 5.440119 8.100080 7.725908 1.983174 4.096738 6.891427 5.697821 5.663823 8.772401 2.323306 2.371867 6.246429 2.323963 4.868858 7.077215 1.401279 3.825014 7.785877 3.017686 7.805839 1.033984 7.091139 5.831949 9.284057 5.149379 2.369910 4.591093 8.878036 6.258857 6.022811
3.677825 9.337705 4.301530 4.532558 4.951116 8.774505 6.663973 9.909690 5.856473 7.519112 5.251330 2.814061 5.798866 1.746235 4.141262 3.621761 4.142731 7.236039 9.008077 5.032562 9.983102 8.495755 8.878650 7.608930 2.189317 6.747329 3.090968 7.947552 1.225925 4.884592 9.483693 2.058793
5.359726 1.658943 4.048702 5.576943 8.745198 3.190417 1.426654 9.440323 7.992603 2.436547 4.455193 2.636958 9.908242 9.480983 4.044774 8.426426 3.466968 1.784678 8.921376 7.151231 5.368956 8.793195 9.369273 5.388162 7.666085 4.106316 1.296370 9.100113 6.446585 6.867715 4.371286 2.870305
8.855648 1.405056 1.679442 2.379486 5.864669 6.614306 6.291654 5.434857 6.296563 8.374068 3.952225 7.466159 6.959028 9.154103 5.064555 3.714900 6.836388 6.935198 4.465968 4.041385 3.192928 3.112472 9.694447 1.983930 1.615552 8.281499 5.337324 6.258420 6.394942 3.996958 8.254646 8.117611
6.176283 5.146896 1.033144 3.768870 8.194524 3.077806 2.486961 8.499880 7.647367 2.572375 3.154661 5.991210 3.278278 2.589794 1.067405 4.708713 9.973364 3.633223 5.463428 3.614199 1.956355 7.862406 8.731669 1.398580 2.237488 6.319176 7.635294 3.300780 8.937690 9.221267 7.523114 4.495217
9.869123 8.416026 5.149986 1.895388 3.975115 8.149091 4.734177 9.802423 1.287686 3.953983 4.132010 5.667703 9.583758 9.415099 7.115265 8.690463 1.088890 6.484355 3.765712 2.406600 9.007544 1.345489 7.257376 2.890077 1.630543 3.529201 8.569603 1.715059 7.550118 3.469238 8.544948 6.920783
9.252116 9.201456 1.384951 7.565771 1.105388 1.301140 4.678618 8.920889 5.104179 6.552526 4.471565 2.280853 9.857671 5.968606 6.736611 4.175766 8.060976 8.049946 8.652138 7.217416 2.008375 7.523756 9.461123 3.797710 1.271355 9.853706 5.416589 5.218004 6.445013 9.817341 2.612900 2.698059
5.738914 9.698272 9.858613 1.949592 8.314575 6.633814 2.679476 4.951961 7.297206 6.407702 1.412558 8.722942 3.520770 4.444551 5.841833 3.908879 5.094329 2.002682 4.926213 4.888195 4.774876 4.605734 8.335010 8.045562 1.591801 8.738346 9.680723 4.116070 1.903578 8.282310 4.513741 4.743632
2.852220 5.121483 9.530523 6.330538 8.399102 3.107605 3.422038 3.488129 4.921308 2.408762 6.081363 9.241844 1.471003 9.578053 4.287810 6.521814 5.410605 8.917594 9.391844 5.207770 2.452685 8.684038 7.385777 5.159351 7.360922 1.868284 5.106969 9.792041 1.123963 8.057430 2.157905 6.579531
6.397830 5.990414 6.858368 5.523426 8.203702 8.690570 1.257325 1.173974 7.620454 1.177304 3.126970 2.480499 6.445127 6.842105 4.616526 8.112772 9.379466 7.342882 3.296236 8.624880 6.447182 4.575564 9.104010 9.536026 1.772587 8.694701 2.814955 4.572039 9.515452 5.802094 4.192706 5.342393
9.359034 2.836002 7.509267 4.435329 8.923076 4.222615 7.433323 7.179110 3.852085 8.817921 8.002435 4.315104 8.568716 8.192433 6.544495 9.970768 9.954329 3.671852 4.196557 2.807281 6.028511 5.751246 4.780260 8.818469 8.986175 7.389609 1.036481 7.858643 9.044065 8.041229 4.721732 1.826606
5.775348 3.333415 9.387480 8.204175 4.184638 3.499937 3.210528 5.768682 9.329370 3.486292 6.970602 2.020222 4.246744 2.355798 3.800562 8.767027 6.913838 7.881364 9.064735 1.599534 3.798736 9.813169 7.922587 4.792997 6.570593 4.330911 8.114528 5.680302 4.492971 6.761869 2.352838 3.684622
3.689590 3.192255 2.436542 4.107464 5.289752 6.457531 6.171276 5.929292 5.327007 5.192069 3.077099 1.175185 6.756331 5.695560 1.480346 2.430832 4.398911 3.651379 3.329251 2.002644 1.173104 4.805877 1.152460 4.586982 9.681807 3.408152 5.940981 6.674433 6.834697 8.880615 9.080611 4.166339
1.479161 9.999657 2.586804 8.188337 9.038468 8.394476 6.354830 6.988802 1.712139 4.216203 6.182082 4.666356 4.663270 5.152574 1.616250 2.622040 7.626072 7.622226 1.834223 2.664065 8.605454 6.804171 5.906314 6.055273 6.846744 5.149094 1.747744 9.131312 1.731093 4.031700 1.396287 6.011839
2.581246 8.028441 1.655497 8.144225 2.648181 4.833342 9.146302 8.976408 5.726085 7.935381 5.063408 9.969080 3.736678 5.893562 3.007375 4.790292 6.754679 9.725286 5.864065 3.442064 8.397297 3.926538 2.297134 3.019565 3.135788 6.491644 4.374109 5.101816 4.983604 5.768369 8.722037 7.964224
4.311903 9.243705 2.966849 6.650719 6.583174 2.289329 4.196975 2.008790 6.256986 6.418928 4.245517 5.390567 2.656166 3.484263 2.384138 9.306016 6.806993 7.454215 7.616673 7.317904 7.760155 6.389594 5.677570 6.785730 3.556842 4.976155 7.838657 7.001752 9.129034 6.694331 4.763167 9.238544
6.076082 7.497681 5.109144 9.633799 3.121646 4.006966 6.111705 8.152504 5.108995 5.445575 4.547565 8.705932 9.368234 8.670433 3.856406 1.053889 3.606832 5.447589 9.560660 1.210277 7.119944 7.219895 2.794545 8.598298 2.611889 4.362667 2.076291 6.418048 9.621717 9.882343 6.160156 8.954900
5.727646 5.616522 5.718154 2.286950 9.797569 6.915921 9.516595 3.530094 8.110802 5.823664 6.107323 9.444960 3.756209 6.775061 3.526768 6.343772 9.548557 5.324333 8.583814 4.733626 4.361914 6.116474 8.687462 3.077281 8.783591 3.545958 7.239972 9.010642 8.339927 7.200913 8.157067 4.555200
7.019394 8.492138 4.417501 2.090161 2.719188 4.197407 9.539404 7.081668 5.326111 1.606345 5.867797 7.223721 1.522368 4.471505 1.584816 7.199860 9.659327 6.146849 8.398881 3.102729 6.499062 4.671060 4.320675 7.279479 8.192394 7.034155 6.780178 2.770965 3.825366 3.150854 2.820574 6.581327
3.168903 8.397750 7.861615 8.367726 5.351321 5.945894 8.331804 6.969480 6.320621 7.332025 2.805152 4.172280 7.946861 5.577075 8.667340 1.348694 7.082186 4.751007 6.013304 8.532098 3.747240 2.654661 3.273939 5.309254 7.009385 3.137741 3.340407 2.737889 4.340649 6.796819 2.880217 3.596583
1.716760 6.672331 7.594189 9.796833 6.972064 5.688688 8.536412 5.044363 3.759715 7.694829 9.917288 1.842382 3.908588 3.409652 1.373770 3.135028 8.244829 3.209546 8.334767 1.008573 2.449150 3.523595 8.211591 5.244189 9.182149 8.581031 9.304019 3.130124 1.425923 5.441857 7.254619 4.220621
7.461922 4.101197 6.460254 6.069202 9.526629 8.424799 4.439333 3.789561 9.038540 5.296519 8.958503 6.207528 2.695361 2.895811 5.486784 7.579504 2.955875 4.640791 7.479757 4.793893 8.140093 5.681409 6.854390 6.836735 5.983259 2.936216 6.396487 6.314365 3.531654 3.025202 8.258361 1.463797
7.510922 1.277920 9.784328 2.229909 2.151811 2.710800 5.027556 9.486122 5.401387 9.577993 1.764620 7.666307 3.281451 6.678929 7.058554 6.363751 3.556172 6.290875 9.671719 5.406964 9.682410 5.708267 5.803074 4.528887 2.070053 5.783732 7.585883 5.128781 9.531092 9.200273 8.968750 9.997947
3.248357 6.980606 5.706937 2.260520 9.089896 5.488481 5.538802 6.452467 9.221378 6.396662 6.850614 1.438963 5.359231 3.474562 3.543876 3.809111 2.080393 8.067790 6.565893 1.331646 9.410442 7.712609 5.799179 2.055871 7.034189 8.714447 3.135787 9.722134 5.712686 9.388006 6.844154 2.337449
8.770291 9.250554 8.263374 6.594347 5.684476 1.024229 5.186493 2.513482 5.630861 4.294994 7.963451 8.335951 8.199410 2.795775 3.401389 3.396897 8.362216 9.615230 6.547191 5.991725 4.957522 5.509565 4.859218 8.543822 6.845866 1.628231 3.076461 9.047826 4.097376 1.868645 1.383870 6.518980
4.294206 3.722928 8.857625 6.746350 7.288017 5.075379 3.240370 2.948386 8.436573 5.685365 7.310683 3.888535 1.832767 5.300444 4.545235 8.896098 2.249005 1.643321 2.217414 6.780781 2.488128 8.257970 6.270790 9.734589 6.725617 6.066696 1.246757 9.939404 1.637047 7.136424 1.592066 4.212602
4.840863 1.642015 6.566949 3.095370 4.331749 3.442120 2.300107 2.034762 2.188715 6.073649 3.684437 4.378912 8.455166 2.777357 6.855822 1.131801 9.172952 1.461966 6.337646 9.904372 9.231592 4.802543 1.832278 6.073294 5.946147 6.837066 1.081290 5.028352 4.923458 1.158143 2.083641 3.797556
7.651980 1.726331 3.460474 6.574025 3.391280 1.297922 6.836259 6.530643 4.199758 8.348377 5.756313 2.254442 3.572893 3.700453 5.339787 8.006301 5.199516 8.392748 3.498073 7.643644 1.228202 6.271051 9.768579 1.140274 8.102104 6.437091 5.816622 7.420714 7.658287 5.021577 7.856845 4.244599
6.829370 1.430787 6.210730 5.339449 5.523109 5.038004 1.288929 6.046177 6.228680 9.147776 5.614141 1.359918 4.286207 1.489834 4.043043 9.795511 5.449470 9.567687 7.973650 6.885707 5.053055 5.052672 1.286192 9.863791 5.449680 3.245632 6.286232 2.683011 2.505530 6.651431 4.865858 6.072289
4.566373 8.481027 9.632486 2.493487 8.172231 6.027891 4.271960 8.869876 8.445271 9.132628 4.332948 9.533589 3.774086 5.137582 8.286219 2.600664 5.546413 8.402775 1.184549 9.119034 2.216642 7.095908 8.207627 6.742963 5.522902 1.547338 4.106416 2.442004 8.507561 1.783255 1.478873 5.356965
3.181659 5.506154 2.573309 6.266508 9.782863 6.482079 8.239708 9.277889 1.766052 9.127814 5.609989 6.508533 1.060531 4.203687 7.302906 1.355023 8.715814 8.784047 9.132174 5.986891 8.420843 1.493813 6.171680 1.497597 3.725315 9.055207 3.986195 1.853487 7.541512 6.184023 8.573608 2.684899
Partials
6.683396 3.016273 3.875517 9.940425 3.590943 1.052989 2.125314 3.454600 1.453266 4.214153 5.604172 8.335732 7.158864 7.412481 4.695644 8.886020 2.984442 9.595490 6.580221 4.841868 1.832410 4.580211 9.331200 7.267491 7.474015 1.261044 8.983025 1.866305 2.061237 5.482234 2.644478 2.472812
7.124848 6.374641 5.995366 6.622895 3.832957 9.428871 4.091413 7.745064 2.497763 5.702478 6.297974 1.692851 3.337664 5.684322 3.845428 8.292686 1.480655 8.546625 8.598351 5.341929 2.681205 6.483447 2.784072 2.188112 4.145786 2.261866 5.449441 2.093569 3.286284 3.006315 7.502192 7.696894
8.573376 9.277034 1.346673 8.827097 3.859455 2.834617 7.842765 5.751007 9.224729 9.325421 4.207213 3.790431 3.925737 6.673407 9.040703 9.075846 5.252621 5.385980 4.930751 6.096454 9.916041 6.400840 8.498289 2.667341 7.203021 6.596218 8.730757 9.438086 1.548888 4.040252 5.052663 9.170242
2.816098 4.429459 4.153699 6.868827 6.300701 4.329756 2.528059 6.097506 8.789440 3.073162 5.530737 9.221535 6.552655 3.636076 7.341310 8.491058 8.451998 5.604267 7.894687 6.899796 7.396365 2.279065 2.156692 6.581068 3.236047 8.451390 6.093263 7.930940 5.803639 5.703312 1.658593 1.778632
7.505564 3.158872 9.451698 4.079526 4.674144 4.434818 2.741400 4.193892 4.219993 4.369576 7.137396 8.371334 5.214132 8.387242 3.615849 1.359393 1.234374 5.719124 1.890512 3.288982 9.311870 1.357692 7.591492 7.105445 8.660686 2.710818 3.677081 7.066588 4.368229 2.826359 9.522319 4.682539
7.934083 9.616174 7.284295 8.494625 3.742898 2.194064 4.960294 8.455054 4.855935 7.172948 4.564702 4.426149 5.518835 7.907030 3.395763 8.878822 9.245549 1.280465 5.031701 7.356383 5.548870 7.948483 1.848710 7.530403 9.301986 2.945668 5.733961 3.496738 7.553900 2.834702 9.891289 5.905948
1.227318 8.590628 1.607252 6.947153 9.849423 4.151345 8.248505 7.093681 5.409259 5.000069 1.218242 7.084497 6.745317 6.095204 1.860039 7.272652 3.159295 6.767974 2.686124 1.566556 5.537776 7.687677 4.483919 8.313909 3.180033 8.261697 3.383496 4.125689 2.073252 9.270692 9.941990 5.560706
5.851893 7.386182 9.583382 9.043786 3.965202 7.002082 1.643783 9.778974 9.533518 5.800899 9.582730 1.007646 8.432241 9.378632 3.081412 1.935701 9.388290 2.170415 9.599267 2.751393 1.252959 8.857296 4.123402 5.420568 4.871254 7.491962 8.250125 7.437147 6.008727 2.635976 6.765260 9.016736
7.797397 4.930883 4.453203 2.187247 2.377021 6.704775 3.774977 7.714744 7.763596 1.292876 1.828544 2.362515 1.693661 6.953857 6.069253 6.459573 6.473469 7.473413 7.703906 8.321348 5.493966 2.778916 8.546792 6.088991 9.377035 7.864360 8.964900 1.788755 3.592165 3.755643 5.629958 5.197905
6.420168 7.281686 2.506325 4.093111 9.250428 9.897766 1.106028 1.345597 5.314511 8.189967 8.115748 3.552167 6.731003 9.564903 8.109850 9.752282 9.923847 5.032079 9.815587 4.160616 1.573842 6.562538 6.046645 5.461263 3.585852 1.274704 6.703637 6.505257 2.553947 4.835796 6.016331 4.239967
5.210474 6.968387 1.517399 2.235498 5.686301 7.831573 5.427168 2.063177 6.137063 4.477984 6.977679 6.805357 8.334197 2.963436 7.803201 3.202040 7.847850 4.841198 3.789119 9.680001 3.474966 1.067475 3.403874 4.561421 2.870596 2.678534 2.768184 5.965616 9.849270 9.506857 4.561631 9.393984
4.932444 5.491017 8.407708 8.672752 8.265253 5.801381 8.693956 9.717455 9.223435 8.111723 1.209815 4.412479 9.714019 8.233444 4.174303 6.198832 8.535775 6.603819 6.934554 5.759127 6.164960 3.574015 3.013656 1.597805 1.661949 4.065235 6.158217 8.276520 4.939393 5.478278 6.795437 5.091192
3.358579 5.505153 6.461607 4.302798 3.852302 1.769811 9.162921 7.193680 2.259348 1.334018 1.479567 1.003049 3.521410 7.414238 9.836651 3.817089 7.306711 1.516898 8.163737 4.566605 3.403548 2.025080 9.527689 7.625981 7.107373 6.280645 7.605852 9.005234 1.553634 5.473051 9.396462 6.866129
9.155717 9.161295 3.816637 3.610002 7.089057 9.630850 1.911850 2.689899 2.015212 8.018285 5.121302 5.033248 3.302907 5.748951 2.610750 2.776222 6.039053 9.679366 4.196658 7.722442 3.291323 8.975270 2.718359 4.518781 5.297117 4.184374 1.495049 8.617425 7.242016 3.978074 4.923133 7.873548
7.478353 1.008721 2.660440 3.272598 2.586127 6.404983 9.031428 5.140789 6.662181 5.772523 7.104206 9.420409 6.580246 5.181175 1.248625 8.913409 6.548579 3.674443 6.812649 8.501620 5.390109 7.748681 1.275615 7.687852 2.793845 8.480154 8.722934 8.134842 1.908142 6.179878 1.476398 2.757490
1.815558 4.144129 6.105103 8.927776 6.465315 6.628441 7.807929 3.793660 8.274306 3.647552 4.917566 3.106666 9.513336 3.743754 6.585069 3.972396 9.810562 8.291215 5.346251 7.909196 1.046843 6.816896 7.413722 2.089599 7.195824 6.031440 9.984250 5.962522 1.522205 3.682598 6.363970 1.671009
3.584628 5.334987 8.273384 7.645533 7.399568 9.276673 1.663486 2.525400 7.416975 2.444833 8.359143 7.388411 2.001726 8.921728 4.578809 7.251871 2.216389 2.126296 5.442967 5.893337 4.587905 7.822584 3.423814 4.262291 4.348912 5.971286 2.392255 9.041506 2.836257 8.704016 2.405951 1.454238
5.612971 2.237885 8.838784 3.159449 4.604050 9.190316 7.571156 3.402547 1.703382 7.545524 4.252588 9.626721 7.462231 3.286854 5.850581 7.444149 7.756761 3.979306 9.221059 6.771590 1.523116 6.943637 4.015411 3.391971 5.352321 6.996435 2.529925 5.534499 1.880555 9.906805 2.509351 9.243153
7.724197 3.671140 4.180398 4.400265 2.017317 4.500299 3.995531 2.587680 5.999007 6.368192 8.578280 5.875579 1.693691 4.130364 8.360983 2.049178 8.296775 1.146990 9.208417 5.689783 2.656941 5.988539 3.901722 2.143125 3.859547 3.009510 3.849541 4.291819 5.133836 7.940631 3.631696 7.223103
9.115669 6.208060 3.545379 1.250187 5.668078 4.755135 4.591384 6.727412 3.756270 1.302406 5.703331 3.129754 2.812813 5.954336 2.789831 6.841396 1.285085 1.120303 9.882833 9.977198 1.336569 9.304010 2.117008 2.212534 3.293688 1.239760 3.470430 3.824237 7.603463 4.924195 8.632100 5.723826
2.570600 1.970640 4.330145 1.171275 7.130370 5.214961 6.055193 7.995638 5.507797 8.514742 6.800275 6.020032 7.924197 1.907891 5.963882 5.834402 3.676344 8.525096 9.990780 3.159925 8.046343 3.641832 2.238417 4.404036 2.923193 8.789976 1.648598 5.141050 2.130973 2.123110 8.411415 2.318880
2.679777 5.358464 2.840619 9.286059 7.149353 9.647105 8.809989 5.859091 2.874526 9.295155 2.886127 8.563640 8.791886 5.615496 4.948311 9.029482 6.477436 3.602648 2.915653 6.296472 2.024294 6.599579 4.659884 6.303493 2.176118 9.528344 4.110619 9.985477 4.065350 2.593347 3.956609 1.365436
1.826983 5.627964 3.210686 3.609029 8.997019 2.167947 8.089893 4.040824 8.943609 3.236139 6.809157 3.908628 2.801167 1.421344 4.021027 4.310393 7.197513 2.615707 3.247266 2.749368 6.516737 4.019393 5.145616 2.937259 9.247060 8.555557 7.738914 4.026828 4.747711 2.275671 8.274695 2.075752
1.230829 7.050389 6.347160 8.423068 1.376797 4.068776 4.092191 3.581351 2.940510 1.139125 4.203738 9.339583 5.645749 3.389621 6.454616 9.476911 1.830758 2.482230 2.366463 8.737166 4.400414 2.812456 6.831886 4.384415 5.717997 4.601104 7.047997 4.831964 4.048384 3.654656 8.845469 5.249901
1.175154 4.192140 2.286000 4.366109 3.656460 7.445225 5.960924 8.994239 7.330867 9.236216 3.579241 5.908455 3.285381 1.049913 2.100065 4.092059 4.044146 6.596425 4.875421 2.969371 7.134443 4.950675 6.257535 8.038267 2.429810 8.413121 9.142571 2.198810 4.259314 2.791327 9.051517 7.481402
7.077095 5.730311 3.385376 3.241282 4.986063 1.182129 8.520165 3.675929 8.197821 5.232810 2.525935 6.293233 7.892937 3.850844 5.799680 3.913472 3.957418 4.862191 2.150010 6.484013 5.040394 7.537728 7.340914 8.378465 6.966416 3.944598 5.790574 3.298630 1.710474 4.077585 1.597833 6.965708
2.464341 2.428480 1.030796 2.264347 4.576027 4.150111 6.768259 2.887998 9.658725 4.973752 9.800087 7.304150 4.557834 7.766432 8.073013 4.537271 9.181841 8.652127 2.460085 3.547529 8.134115 6.324796 2.369642 6.481002 6.580456 4.923423 4.422932 1.829764 4.943358 1.967489 8.521537 8.137273
4.344499 4.628238 6.473849 6.093036 8.183730 5.871482 9.858582 8.208105 1.946738 8.008692 8.977425 5.465448 9.956303 7.115725 7.613053 3.172306 1.566580 6.616827 1.368174 1.539857 9.070953 5.933610 6.023591 8.469289 9.290281 7.855382 8.677069 1.579542 1.816833 5.103420 1.516787 6.110873
9.049056 6.439856 8.645281 9.334422 6.795048 6.569120 3.047608 2.280750 8.190332 3.976756 9.963809 7.925561 4.269143 9.134300 8.309986 5.496217 3.441828 7.105442 7.456076 5.021125 7.799767 9.066606 2.349768 3.927307 3.672899 4.639553 1.151768 6.775917 5.144800 9.910459 7.602502 9.667330
5.539025 7.351294 6.715846 3.365986 5.296025 2.879937 8.402805 2.565221 3.970072 3.654101 7.716382 3.400606 5.825327 5.467033 8.651423 7.591095 9.184621 7.106879 8.968934 9.490758 5.323273 6.657220 6.948455 2.072464 6.646745 8.031150 2.044651 3.857628 6.476537 1.108043 6.408221 9.504617
5.642920 9.626297 4.980287 4.475571 4.587846 4.480914 6.636902 5.207970 6.427791 9.731828 1.108374 4.482462 9.596410 5.113961 6.115232 7.907971 1.634028 2.577760 7.907127 5.197342 6.354333 2.639248 2.173282 6.530654 6.983449 6.177138 9.200588 6.517342 8.087419 6.603269 3.267809 5.728230
8.708157 2.319255 3.362598 4.067298 5.727398 6.322374 7.639820 3.968945 2.446984 8.019879 7.755950 5.818955 7.038036 3.769808 6.250347 8.910935 2.148873 5.134840 5.775797 8.692184 8.486542 1.099579 5.885728 9.812609 2.560147 2.049589 2.448910 6.109797 6.643010 2.009160 6.006827 1.183622
Multiply
Inputs
3.667644 4.131655 8.217486 9.817949 7.389939 5.814595 4.096459 4.226760 4.888910 8.491838 2.726029 6.156283 8.450538 7.102454 7.661360 3.042685 7.670345 9.492518 4.018471 9.775425 8.765489 4.488840 9.193024 4.746674 7.617645 4.172231 5.316827 4.547792 6.352489 7.102321 1.439980 3.603191
3.491539 5.680271 8.469154 4.872563 1.189036 7.064937 8.380056 6.043109 6.378035 2.473951 9.690392 3.549171 6.989353 1.784957 5.382406 4.376200 3.502740 9.626220 4.985071 6.583079 9.358730 8.288427 7.144882 6.872085 6.229100 2.754379 2.921870 5.345340 8.655823 5.081393 7.150656 5.323024
5.240953 7.577854 2.307974 5.499039 9.596835 4.516278 3.264474 7.694705 3.443984 3.448327 5.242885 5.267893 2.568934 4.943501 4.831935 3.979052 1.185715 9.251743 8.809041 6.812539 8.869327 1.250706 6.161080 8.656865 1.371360 1.182338 5.158097 5.792676 3.832640 7.723278 9.838764 3.183225
3.825393 3.876556 5.044386 2.404810 2.748680 5.630494 5.801223 6.913960 2.801346 3.014377 7.970683 9.450485 4.821261 2.965090 9.404471 4.410775 4.670609 2.866343 4.587138 5.540297 5.720052 8.995812 7.920044 5.068951 7.648657 5.166746 5.613216 8.668702 2.256619 2.256902 6.864819 9.687336
6.036190 1.081043 5.128542 5.433505 7.870728 4.318387 9.379019 2.287891 8.892177 3.139817 2.981770 2.267291 8.907829 9.753227 7.315797 9.982909 4.631034 1.017355 9.555992 4.203309 1.484404 2.731073 6.721982 2.338134 6.407204 2.284374 1.673020 4.428195 2.644884 3.997177 1.958405 7.941295
6.398261 7.410127 7.885982 3.368559 1.560535 7.644991 9.111173 6.328627 7.352395 5.052235 8.191333 6.011028 9.311109 6.151214 7.148783 4.349458 1.037231 7.756736 8.362760 6.013765 1.848059 6.394063 2.773926 3.681779 2.429231 3.995263 6.451978 9.557894 6.635085 4.731664 6.757826 6.214087
7.527915 6.608511 8.588160 8.450244 1.904559 1.086522 1.103075 2.513677 9.124793 3.551836 1.384205 8.915627 4.085000 2.408916 6.860220 3.288030 9.292672 1.050546 6.400544 3.408601 2.249335 9.402137 4.106392 3.149341 1.515330 6.360872 8.009378 2.894292 7.099359 5.156188 8.873596 7.503165
1.935820 2.410243 2.270806 1.183027 6.763716 7.309662 1.798597 4.188803 7.528856 6.989549 7.618258 7.832728 5.140823 5.586441 1.250784 9.169720 9.139885 7.974681 1.499290 1.196879 8.728659 5.812500 2.441363 3.498474 2.468885 6.519330 5.485960 1.044642 9.149149 2.700547 9.099470 3.059382
5.043012 1.036039 9.265317 3.065869 2.951767 9.345016 1.961740 2.055109 4.166239 3.975496 5.199727 6.038077 7.296452 7.658585 6.497473 4.474347 1.521773 8.523799 9.124091 9.805728 3.280771 3.469418 5.714924 9.615274 9.009639 5.353067 6.763024 5.400220 5.180565 4.841723 1.579250 5.706447
9.741873 3.804993 5.499474 6.361457 7.909830 9.144010 2.551126 1.262615 5.502919 2.008937 2.125812 7.786382 6.083032 5.857027 8.691899 6.865764 6.487591 6.987143 2.032724 8.752997 2.583236 7.528933 6.184544 7.069516 6.051295 5.378156 8.022076 1.906934 1.877110 3.565869 3.498016 6.530689
1.291772 2.296834 1.476208 7.174624 7.242593 6.776875 3.587824 3.985395 9.211127 9.364543 6.235443 3.940659 1.093683 1.607370 9.798264 1.306164 2.804425 5.466649 6.523119 8.514551 7.797684 9.228897 2.506937 4.291811 5.916749 4.491960 8.728394 4.557267 5.415130 4.550550 5.065987 7.042933
6.878924 1.154658 1.470772 2.350024 5.382796 2.574188 2.255460 5.650837 3.519078 6.046185 4.563667 4.740023 4.467814 1.061886 7.396306 4.544049 4.556582 5.710075 8.793358 1.027574 1.925549 5.435414 8.439588 8.666471 3.812300 4.410820 7.750902 7.633017 5.310864 1.345189 5.818892 2.138163
3.701903 1.916538 3.008121 9.570963 9.753386 9.729487 5.199261 5.379055 1.025625 4.746712 5.938682 1.409306 1.140442 8.449024 5.668261 6.902329 3.527593 3.787826 1.425509 8.912468 9.360333 6.945354 2.205138 5.522549 2.209105 4.110356 5.803254 2.207531 6.078310 5.270104 2.240358 1.557702
4.538190 8.008954 2.981453 9.977273 8.843573 4.485892 9.910772 4.522769 9.815679 3.683089 8.982894 4.222590 6.653230 3.495053 3.929793 5.249617 3.544580 6.694291 5.139685 8.597871 4.443468 8.908180 3.185320 9.742464 5.120515 3.393212 5.942395 4.289581 7.590370 7.086344 8.731155 6.761193
4.075759 3.157885 1.611916 5.712699 8.167393 4.704850 9.346928 8.974350 5.459521 6.735418 4.887538 3.335819 4.663616 2.690399 5.099829 3.121591 8.813296 5.756304 6.912579 7.844143 9.015675 6.542825 8.749101 1.006170 6.237168 5.782382 6.310268 3.865404 5.630925 5.931288 1.218401 4.132005
3.198548 4.671804 9.946820 2.969254 1.903921 4.612634 6.627433 6.668615 7.777476 1.995844 7.278679 8.656168 8.081035 3.296817 8.708507 4.161956 5.469938 3.518184 8.405346 7.423339 8.760595 6.061691 1.763845 6.068610 4.113431 9.787980 8.994927 6.153809 7.292097 9.008957 7.652231 5.078757
5.248632 5.550424 3.600892 5.172640 7.643146 8.325222 5.212213 3.806516 2.744440 6.619142 1.996139 3.954439 2.569176 9.058845 6.561007 6.241105 7.386000 9.697329 6.613878 7.305228 1.477105 5.351702 2.895666 4.975175 4.481177 9.739580 9.799042 3.974952 7.486057 8.980176 9.347935 3.141513
7.044170 4.372176 6.520232 4.106360 4.845509 6.029752 5.642880 1.062490 1.843895 2.384292 5.816058 6.393652 6.607811 1.190050 7.991355 1.154607 8.460593 6.156701 3.331836 5.669148 2.795028 6.183592 8.414049 8.818323 9.076072 8.348495 4.132856 1.639856 6.094999 9.971929 7.516131 1.894296
9.671721 7.917292 9.848817 1.811745 5.370197 1.855579 7.210579 4.521096 4.562327 6.832077 2.017671 7.507254 8.416707 5.909179 5.364272 8.859988 1.074614 8.526063 7.811593 2.620660 3.533249 8.981314 2.767095 8.961781 4.170308 3.022275 7.303219 1.844327 6.797895 5.473084 9.648756 9.807580
2.778271 5.572304 8.705686 7.456391 1.242567 8.277052 4.021753 3.872841 1.541275 2.079578 2.844996 7.833599 1.607499 9.402249 8.256587 2.676396 3.577678 5.898789 9.088372 2.766098 5.787202 1.268144 7.774401 5.069707 9.918947 1.928062 8.051893 6.094645 8.269924 7.089413 5.106022 7.604471
4.514979 8.184621 3.664698 5.472693 8.201726 8.761075 6.777746 5.242593 4.730304 8.024946 9.547726 8.033401 2.708756 8.089278 9.886390 9.309027 5.285259 7.234638 9.744793 9.284351 1.375878 5.862551 1.380609 7.828496 3.081576 3.674612 7.836549 9.835961 2.679289 3.275781 8.518603 3.091068
2.827039 8.035206 9.577077 7.506491 9.589484 1.649150 2.530142 2.698368 3.471184 5.601296 9.806071 6.828593 7.990657 8.248125 1.367586 8.801518 6.455839 3.803556 7.057353 6.315308 5.333872 6.772530 8.687556 7.220071 3.309519 8.968914 2.424734 5.458899 8.266466 7.769898 5.114215 8.556847
3.848789 2.765292 6.640800 3.804150 4.374106 2.436911 3.885422 9.910679 6.394490 4.316887 5.763055 7.192091 5.417436 8.541949 2.850693 3.141240 6.578838 9.653927 9.648154 9.876189 4.071784 8.205149 2.204335 4.558309 3.088797 7.458683 6.720618 1.062195 7.658231 6.489232 5.498750 4.500241
2.761315 5.983497 8.520915 2.267275 4.103038 5.518007 3.662699 6.131771 9.163561 5.038332 7.137579 6.570863 9.022987 8.589013 9.617224 1.802617 4.186487 5.553731 9.734320 9.923120 7.697261 5.729628 8.065289 9.763115 7.622381 8.900865 1.342095 3.801167 9.793762 6.829302 1.612798 6.298400
9.728198 9.471234 9.751380 1.652813 8.685838 7.400030 1.428395 2.365312 8.007133 2.242506 8.788374 5.372035 9.482556 6.270969 9.425564 7.292473 7.833476 3.669585 3.590866 5.758980 9.510692 7.721538 4.081249 7.043293 2.668848 6.532341 1.232832 9.729925 2.693997 8.509482 6.343026 4.800106
3.980200 2.492667 8.048474 4.326248 3.196415 2.016635 8.334007 4.113597 1.548672 6.146755 1.245840 4.429775 3.017243 4.810149 9.783681 3.722864 5.691951 8.881973 5.065911 2.973210 8.943607 3.295849 4.953471 2.628398 7.471739 1.771057 1.651037 9.434241 5.680852 8.774512 3.119885 5.438630
1.694961 9.526867 5.245498 9.167936 4.629150 7.149700 3.942575 8.956096 6.022891 5.857087 6.523786 3.754406 6.370910 2.582166 5.706413 4.913363 9.939896 8.280837 6.866010 3.212170 2.033015 5.321818 4.972295 9.853283 6.024738 8.297608 2.912648 9.861052 1.331188 8.406306 9.555879 1.517169
1.509176 4.176359 4.831598 4.886602 4.277162 7.617327 9.003716 3.991256 1.667005 1.407565 6.999481 6.724158 9.464703 1.635238 3.772226 7.848489 8.407605 7.581006 2.194737 7.276453 8.139829 9.631568 3.096631 6.657212 1.368902 5.984426 9.602983 1.986025 6.281578 1.312912 1.763446 5.814146
6.684999 2.672641 4.579407 7.902394 5.915448 3.656005 3.603050 7.112516 9.361951 2.687250 3.689860 7.702383 2.121402 1.753095 6.642618 7.028184 9.564311 8.111769 4.408264 8.768884 7.505771 9.775866 3.206506 5.813448 1.386939 8.581997 5.078873 9.458502 9.596649 4.070196 9.345323 9.415399
8.149003 6.440042 1.834279 5.757558 6.364940 3.477800 1.716481 4.777850 5.987870 2.412274 3.476236 3.355488 8.635736 5.006410 7.882918 9.883285 7.487575 4.091332 7.421121 9.644849 7.282853 1.741121 7.452861 1.197261 1.555052 1.588891 9.825858 9.372206 8.740359 8.903360 8.860549 9.679380
5.084462 7.381134 1.224453 9.155869 3.827427 1.305023 4.081190 5.343186 2.203813 5.880820 6.225254 9.320753 6.501585 7.588640 5.851563 9.039628 6.511715 2.884400 8.322762 2.032529 6.608142 7.095403 2.559251 4.149682 2.599123 6.520415 2.515562 5.590744 8.853542 9.586150 9.526789 1.725279
4.392641 3.334007 1.308272 5.299367 8.180466 6.947869 1.356070 6.044219 2.401146 4.194971 1.942695 4.838818 9.111296 3.301788 3.698635 7.953684 8.945598 2.026163 7.241309 7.537698 7.346898 5.700017 5.734810 1.065146 7.853556 4.760372 3.012876 5.184661 2.215072 1.528916 4.620026 4.154110
Partials
2.543041 5.143224 2.578113 4.100187 3.778508 3.951062 1.730851 1.309277 2.015629 6.556172 3.598221 7.725855 2.801698 9.100991 4.910423 7.773751 6.946647 6.834807 2.425495 8.474505 1.443228 3.416040 5.336397 4.276506 8.463129 2.039408 4.831516 2.228379 9.946658 2.089187 3.595935 1.158904
7.643967 7.031558 4.767872 8.562209 7.149677 2.541220 7.441959 8.798736 2.712536 1.644476 3.674414 7.846090 8.468052 9.239001 2.459194 4.213924 6.627026 1.374984 3.750226 2.836902 7.000599 3.134073 1.017902 7.494404 5.860340 5.733614 3.963968 8.586766 5.923180 4.992663 2.237014 6.604979
2.917654 1.590441 7.983416 4.483965 8.127251 4.520101 7.958912 9.477053 8.745728 7.603517 8.535805 2.154998 6.918653 1.336150 2.211870 6.166918 7.640082 3.854874 3.298086 6.289488 5.272143 5.141357 6.783180 6.120615 1.465299 9.135569 3.316444 7.324155 5.904471 9.023237 7.510203 7.320688
2.970391 1.427670 8.519360 1.514224 1.386111 7.981856 7.034331 4.520262 4.755979 1.447768 6.687122 8.416589 2.056637 2.302757 2.427506 6.953949 2.423151 2.737238 8.403673 5.818819 9.329615 3.291162 7.935056 7.320523 5.842120 4.838414 4.362424 4.676796 3.733973 7.926264 7.018178 7.574625
2.593997 5.656665 3.664523 2.710819 2.321084 2.527844 6.382089 1.750969 1.451598 8.854995 8.397775 4.724501 7.974262 3.999720 3.668607 5.200593 1.531817 7.218697 7.038383 4.556992 6.974969 1.755868 9.853033 9.872644 2.993808 8.725450 9.377535 4.828756 7.421463 6.277615 5.281725 6.240526
6.053537 9.152766 7.556248 5.294564 9.649663 6.994046 8.716989 4.021774 2.773548 1.616571 6.267797 8.848926 5.507678 8.342743 6.907084 2.202778 7.881265 5.982900 5.344272 5.065012 6.856324 1.636460 1.804063 1.450899 9.491226 5.252992 7.720504 7.294468 8.598146 1.024528 3.759915 4.300646
3.194903 5.464359 1.644767 1.913823 6.033776 2.562523 4.359672 7.205906 7.833962 3.826290 2.345698 7.076585 5.837653 2.273245 9.914269 2.350177 1.741848 8.527683 7.889039 6.836772 9.738976 4.918250 7.510602 3.923371 5.409470 5.574182 4.619555 1.962894 7.667060 3.522010 1.008245 6.957104
6.848492 7.905755 3.302701 6.585816 9.728994 6.533229 4.721862 5.310149 4.949802 9.268802 5.051077 4.013775 1.119315 2.947213 3.359632 9.181445 5.500126 8.697173 2.986362 7.570427 1.816729 6.491909 6.739404 3.335893 4.610627 5.675195 2.384339 9.929716 4.486141 8.225726 4.433306 8.421301
8.949541 1.475972 8.853896 5.802839 3.527077 3.359827 8.518855 2.793358 8.244941 7.051809 7.592799 6.061327 2.085455 4.862178 3.988921 6.209876 1.132877 2.555329 6.545014 5.700534 5.303877 1.191962 7.666300 6.054255 5.473379 2.407650 4.174510 1.769880 8.122698 9.486897 5.428986 9.178946
3.729013 2.287276 2.256651 2.241482 6.752386 5.837134 1.952811 6.000744 7.942134 6.479729 2.831597 6.775079 5.498562 5.845277 4.976251 1.823581 6.695580 7.813704 1.383887 2.554139 1.551963 2.826786 4.884221 1.214069 4.077446 1.448757 6.131117 7.875644 6.958816 7.809756 1.901119 5.594610
1.428638 8.082404 9.187566 7.056738 9.655560 7.449793 8.064956 8.696023 5.805681 9.509620 6.623255 9.280105 7.403484 8.325259 1.035728 7.882034 8.409383 6.700086 1.271694 2.302867 7.751447 1.291315 4.258781 4.484869 6.968429 7.753448 6.576568 9.033080 9.979701 2.401927 6.425239 6.176148
7.577898 2.568286 3.954892 9.363823 6.185316 3.832862 6.206832 7.311832 8.003114 7.368074 8.944494 9.921517 1.353897 7.626123 9.579489 8.141418 9.632791 2.466656 9.533845 4.488246 5.713858 6.628011 4.546261 5.606049 7.531614 7.577008 4.097629 9.416459 8.083689 2.955691 9.006980 6.665628
2.964336 3.168634 9.435196 7.596236 7.385154 5.100493 7.355739 2.298597 4.342099 5.412976 3.034115 6.979237 6.602559 3.845832 1.859506 4.737107 2.537401 3.522140 4.080358 4.342254 7.604149 6.408375 1.492039 1.802594 2.596162 9.067838 7.627277 8.553263 4.449020 7.293184 9.439646 3.080105
9.757488 9.671473 5.309403 5.004264 1.783574 1.487396 1.188337 7.010264 6.182523 7.582660 1.287722 9.215924 3.510095 4.092065 6.333533 8.760345 2.426441 9.696926 2.285630 4.699751 2.938696 6.476156 4.359083 1.951810 1.014254 9.482908 5.991371 7.698378 1.219850 5.404879 2.133895 2.830285
7.273951 4.176655 5.625332 6.659845 3.057595 7.123802 2.536011 6.130792 1.720313 7.345561 8.230616 6.751730 8.892995 1.617103 9.564448 6.864064 8.533523 8.666275 1.811903 1.071925 8.504748 4.234178 5.591300 5.342460 9.955331 7.199914 6.146353 8.733474 2.760043 5.833262 6.158931 3.303069
3.874757 6.720041 4.442429 7.742258 2.156996 3.954840 8.320509 2.062413 6.101414 4.765165 5.482364 8.064840 1.728145 3.525992 8.108979 7.172189 4.124818 5.382268 6.108954 4.773161 7.790462 9.153260 4.568622 1.996125 3.909559 3.209090 3.994737 5.517704 1.584037 7.346148 7.610488 3.455832
6.143654 1.559577 5.010518 5.292899 8.418920 1.233620 4.696994 8.664435 6.798439 3.691094 9.651859 7.209559 9.914781 7.971802 1.096459 1.359777 5.518351 6.791038 9.606215 9.578971 6.451740 5.972243 1.817061 1.961269 9.496377 6.265459 1.400933 2.651572 4.822985 2.499799 1.332929 7.306095
8.279293 4.020343 3.073906 8.050993 8.108196 6.974743 5.435729 5.255566 1.587438 6.963728 7.102637 5.269388 8.360190 7.773031 6.802175 4.662057 2.678179 8.481363 3.642043 1.284160 5.288953 8.465034 9.156536 3.647029 1.523197 2.545490 6.869767 9.066819 1.900629 2.048782 2.685386 2.770139
9.110971 5.018590 9.497603 1.881274 7.733976 9.750255 7.770802 9.593005 7.170291 9.199558 9.269530 1.453508 2.150011 3.091619 6.866158 4.763140 3.754161 9.020611 8.083120 4.959476 1.318270 7.663849 8.621514 2.611179 7.308373 1.874661 5.595306 4.564154 5.442830 2.028016 7.890114 9.922653
6.129155 5.142809 3.035856 6.934824 1.020681 9.798710 1.566308 9.039871 3.698721 6.342485 1.885515 3.969194 2.800455 4.907218 9.356614 3.885480 1.834980 7.539069 7.414822 2.817045 5.373455 6.055453 4.046696 4.343501 9.762384 4.726399 2.723864 5.384818 9.932476 7.355616 4.846862 8.361090
7.283184 8.330074 9.228397 4.046361 7.116288 6.750775 2.599173 7.258261 3.361777 8.384201 2.224389 3.968706 4.839655 6.329612 5.493510 5.121913 8.738267 4.622036 6.465052 1.812906 9.685844 5.827445 3.552014 2.631800 5.958487 5.095466 6.585007 4.858016 1.064498 3.509108 8.011584 6.330219
9.694992 3.683819 7.994102 2.196513 6.590731 7.184908 5.983306 3.434030 4.019743 9.277946 7.308939 1.330390 7.572194 8.357073 1.369270 9.433710 4.644617 8.106416 6.998536 5.455341 6.895969 8.071720 4.549017 6.140862 1.166352 7.888809 3.192711 1.595984 7.526807 4.696900 3.675252 4.534106
8.746530 9.218800 1.944529 5.507120 4.485088 1.213237 1.715330 3.308456 4.036194 5.556020 3.284000 4.949951 1.445365 3.783175 8.054310 9.417822 8.133843 4.441314 8.227839 6.901812 2.978733 8.905924 9.865463 4.854945 3.186785 2.969227 7.420456 6.318372 5.887194 2.845386 9.053591 3.064753
1.768373 2.406906 6.489565 8.766745 5.191388 5.790338 4.744977 6.664775 7.424539 7.463342 5.326642 4.639331 5.470409 3.449276 7.778615 9.525248 5.017909 3.416127 8.669803 7.862798 7.940624 9.360601 3.290521 5.544507 7.645634 3.057297 2.870573 5.819794 8.014907 6.791404 8.793346 2.659012
1.606778 5.138907 7.537660 4.220864 8.874498 5.077169 5.279354 9.564717 3.098696 6.894339 4.127583 9.793194 3.983601 4.912520 4.564472 5.993114 8.656486 1.820580 5.805781 3.355151 5.761888 3.258696 7.665430 6.145231 9.129211 2.539604 6.233321 6.499002 4.987075 5.225577 3.338877 1.903398
5.685581 1.688128 1.443641 6.399919 8.310527 4.641396 9.862677 6.691310 4.990304 7.237895 9.463344 1.833626 7.651794 9.809409 3.373032 5.697832 9.399850 1.781431 3.908736 9.330748 5.530583 3.849417 9.568874 3.616739 6.166690 1.621224 2.112244 9.764078 6.009104 4.158973 4.274598 6.571014
8.676160 2.432746 7.890676 9.713059 5.306435 7.626184 4.504452 9.706819 4.970798 2.332203 8.208262 1.539689 7.694231 7.595515 1.856084 6.913110 4.557878 1.234123 8.509494 6.947539 9.205619 2.271917 3.585495 7.745171 1.887312 1.244013 5.515228 5.539697 5.343319 2.223549 8.150785 9.012965
6.863501 2.816745 5.647870 3.768877 1.007587 4.618102 4.119289 4.293455 1.825876 9.128536 9.713534 7.831677 5.235839 9.648947 3.747466 1.799630 8.137469 1.922775 1.506134 4.480516 5.053062 5.995607 4.469048 4.863633 4.279514 7.618247 9.067822 3.057730 2.740571 2.638139 1.827846 1.131198
3.831170 6.817256 7.230989 6.291900 5.702244 1.752896 4.219098 8.002097 6.125140 3.744436 9.520030 5.528291 3.973133 4.586624 6.748389 6.151423 1.379108 9.990104 9.889132 6.664386 4.427713 5.754300 6.539510 2.834969 7.370898 3.386284 7.554505 1.744867 6.183356 9.050674 6.812377 5.737952
4.985210 5.092109 6.046849 3.763643 9.606056 1.988883 8.695029 6.858635 5.272794 1.772292 4.007176 9.981627 9.415619 4.880535 5.264384 5.208699 7.440543 2.576102 9.708809 1.634335 3.315030 1.673899 1.874735 6.459401 7.141283 9.720199 3.285557 8.513846 7.175301 1.097290 8.237433 8.687743
6.836484 9.673694 3.158097 1.834466 8.513068 1.591202 9.771124 6.336753 8.678819 1.237074 9.179521 6.034494 5.110055 4.007943 1.142203 7.306403 1.218758 7.352700 9.889930 9.283198 4.745606 5.652740 3.029339 8.108204 6.389158 2.791047 5.780411 7.331609 5.748123 4.229496 3.984167 1.794621
8.844186 9.335411 5.421683 9.387760 5.653912 9.445854 2.598687 3.952205 7.879007 7.520789 4.150403 1.123674 3.188615 7.226837 1.685004 7.347545 4.090108 2.608805 8.379201 6.431554 4.703621 5.448230 1.359927 5.258565 3.887312 1.622222 5.961040 1.396203 8.421272 3.284729 6.172393 8.350518
Multiply