Weights
7.123456 4.5678 8.98765 5.4321  
7.876543 3.34567 7.65432 8.21098  
5.234567 4.87654 8.34567 8.98765  
3.765432 6.12345 5.67891 2.987654  
Inputs
8.654321 6.54321 2.123456 5.987654  
1.456789 6.876543 9.234567 1.987654  
3.765432 7.54321 4.678912 9.876543  
3.234567 5.87654 3.456789 7.123456  
Partials
2.987654 5.123456 8.876543 9.345678  
9.765432 1.987654 9.876543 7.654321  
9.54321 8.4321 1.56789 8.678912  
8.345678 3.765432 1.234567 8.98765  
Multiply
Inputs
5.678912 9.234567 7.54321 2.987654  
4.876543 9.56789 2.345678 9.4321  
5.765432 2.987654 4.123456 7.876543  
8.54321 3.678912 1.987654 4.56789  
Partials
3.456789 3.876543 1.234567 5.678912  
7.987654 9.345678 7.56789 9.765432  
8.678912 2.4321 1.54321 7.4321  
7.123456 8.54321 5.987654 3.234567  
Multiply
Inputs
2.56789 8.678912 4.123456 2.876543  
6.234567 6.876543 4.56789 6.123456  
2.876543 2.345678 4.876543 8.4321  
7.987654 9.765432 8.56789 5.123456  
Partials
8.4321 6.987654 3.56789 1.876543  
3.765432 5.54321 3.234567 1.654321  
5.876543 7.123456 7.876543 9.4321  
3.987654 7.678912 1.4321 4.876543  
Multiply

