Weights
8.734298 6.192837 3.412876 7.928374 5.671928 4.829374 3.214987 6.748291
7.394872 8.923748 5.672918 4.281937 9.018273 2.876491 3.218734 8.176492
6.384719 5.293847 8.716293 3.472819 4.918273 7.219837 5.617284 2.718293
4.273981 7.281937 5.827391 3.172849 8.127394 6.827493 2.847192 5.928371
7.827394 3.827491 5.837291 9.817234 3.718294 8.271937 4.918273 6.271983
5.738291 8.374918 2.837492 6.827491 4.271938 3.928374 8.273491 7.182937
6.918273 4.928374 9.273491 8.273491 7.817293 6.271983 3.928374 5.281937
8.273491 3.718294 7.837491 5.827493 6.927341 4.172839 7.918273 2.837492
Inputs
4.928374 7.192837 5.283749 3.827491 8.374918 6.271938 7.837491 5.273819
3.827491 8.273491 6.182937 9.837492 5.283749 4.918273 8.374918 6.271983
7.192837 5.928374 4.837492 8.928374 6.271938 3.718294 9.817234 5.273819
6.827491 4.837492 9.837492 5.283749 8.273491 3.928374 7.928374 8.273491
9.273491 3.718294 6.928374 7.283749 4.928374 8.273491 5.283749 9.827491
3.827491 7.928374 8.273491 4.837492 9.273491 6.928374 3.718294 7.837491
5.928374 4.283749 9.283749 8.273491 7.192837 6.827491 4.837492 3.827491
8.273491 5.283749 7.928374 3.928374 6.827491 9.283749 7.192837 5.273819
Partials
6.928374 4.837492 8.273491 3.283749 9.827491 6.928374 5.283749 4.928374
7.928374 3.928374 6.273491 8.192837 5.827491 4.283749 9.273491 7.837491
4.928374 8.273491 7.192837 3.827491 9.827491 5.928374 6.273491 7.928374
8.273491 5.283749 7.928374 4.928374 6.928374 9.283749 5.283749 4.837492
3.928374 8.273491 6.192837 5.283749 9.283749 4.928374 7.928374 6.273491
5.928374 3.928374 8.273491 7.192837 6.827491 9.827491 4.837492 3.928374
7.928374 6.928374 9.283749 3.928374 8.273491 5.827491 4.837492 9.283749
6.273491 7.928374 8.273491 5.928374 4.837492 9.283749 3.928374 7.837491
Multiply
Inputs
5.837491 4.928374 9.283749 3.928374 7.928374 8.273491 6.273491 5.837491
8.273491 7.837491 3.928374 5.837491 4.928374 9.283749 6.273491 7.192837
3.928374 9.283749 7.928374 8.273491 5.928374 6.273491 4.837492 7.928374
5.837491 4.928374 9.283749 3.928374 7.192837 6.928374 8.273491 5.283749
9.283749 6.928374 4.837492 8.273491 3.928374 5.837491 7.928374 9.283749
7.928374 6.928374 8.273491 5.837491 4.837492 9.283749 3.928374 7.928374
6.273491 7.192837 5.837491 4.928374 9.283749 8.273491 3.928374 7.837491
8.273491 5.928374 4.837492 9.283749 3.928374 7.928374 6.273491 5.837491
Partials
3.928374 9.283749 7.928374 5.837491 6.928374 8.273491 4.837492 9.283749
7.192837 5.837491 4.928374 9.283749 3.928374 6.928374 8.273491 5.283749
8.273491 7.928374 5.928374 6.273491 4.837492 7.928374 9.283749 6.273491
4.928374 9.283749 3.928374 7.837491 8.273491 5.928374 6.273491 4.837492
5.928374 3.928374 7.928374 6.273491 9.283749 4.837492 8.273491 5.837491
7.192837 5.837491 9.283749 4.837492 8.273491 3.928374 7.928374 6.273491
5.928374 6.273491 8.273491 4.837492 9.283749 3.928374 7.837491 6.928374
8.273491 5.928374 4.837492 9.283749 3.928374 7.192837 6.273491 5.837491
Multiply