FFC06413
FFC06113
FFFF71B7
40310133
40340433
000071B7
00310133
00340433
30406613
30002C03
00106313
006C56B3
00C064B3
00D06933
054000EF
00106313
006C52B3
405C06B3
00206313
006292B3
30406613
00560633
00C069B3
00D06A33
02C000EF
00906633
012066B3
01306733
014067B3
50006293
FFC10113
00512023
054000EF
00410113
FFFFFFFF
00406293
00206393
00769333
0062B233
02020A63
00560FB3
000FAF03
00CF8E63
FFCFA803
010F2233
00020863
010FA023
FFCF8F93
FE9FF06F
01EFA023
00428293
FCDFF06F
00008067
00012283
00069663
00079463
07C0006F
04078063
04068C63
00062303
00072383
00732233
00020C63
0062A023
00428293
00460613
FFF68693
FCDFF06F
0072A023
00428293
00470713
FFF78793
FB9FF06F
00062303
0062A023
00428293
FFF68693
00460613
02068263
FE9FF06F
00072383
0072A023
00428293
FFF78793
00470713
00078463
FE9FF06F
00008067
00000000
00000000
00000000
00000000
00000000
00000000
00000000
00000000
00000000
00000000
00000000
00000000
00000000
00000000
00000000
00000000
00000000
00000000
00000000
00000000
00000000
00000000
00000000
00000000
00000000
00000000
00000000
00000000
00000000
00000000
00000000
00000000
00000000
00000000
00000000
00000000
00000000
00000000
00000000
00000000
00000000
00000000
00000000
00000000
00000000
00000000
00000000
00000000
00000000
00000000
00000000
00000000
00000000
00000000
00000000
00000000
00000000
00000000
00000000
00000000
00000000
00000000
00000000
00000000
00000000
00000000
00000000
00000000
00000000
00000000
00000000
00000000
00000000
00000000
00000000
00000000
00000000
00000000
00000000
00000000
00000000
00000000
00000000
00000000
00000000
00000000
00000000
00000000
00000000
00000000
00000000
00000000
00000000
00000000
00000000
00000000
00000000
00000000
00000000
00000000
00000000
00000000
00000000
00000000
00000040
00000001
00000003
00000004
00000007
0000000B
0000000C
00000015
00000016
00000016
00000019
0000001B
0000001D
00000020
00000021
00000029
00000033
00000036
00000038
0000003D
0000003D
0000003E
00000042
00000047
0000004B
0000004D
00000050
00000051
00000051
00000053
0000005A
00000063
00000064
00000007
00000007
00000007
00000008
00000008
00000008
00000009
0000000A
0000000F
00000010
00000011
00000017
0000001A
00000020
00000020
00000023
00000024
00000026
00000026
00000028
0000002F
00000030
00000032
00000041
00000042
00000043
00000044
00000059
0000005B
0000005C
0000005C
00000064
00000001
00000003
00000004
00000007
00000007
00000007
00000007
00000008
00000008
00000008
00000009
0000000A
0000000B
0000000C
0000000F
00000010
00000011
00000015
00000016
00000016
00000017
00000019
0000001A
0000001B
0000001D
00000020
00000020
00000020
00000021
00000023
00000024
00000026
00000026
00000028
00000029
0000002F
00000030
00000032
00000033
00000036
00000038
0000003D
0000003D
0000003E
00000041
00000042
00000042
00000043
00000044
00000047
0000004B
0000004D
00000050
00000051
00000051
00000053
00000059
0000005A
0000005B
0000005C
0000005C
00000063
00000064
00000064
00000500
00000001


00000001
00000003
00000004
00000007
00000007
00000007
00000007
00000008
00000008
00000008
00000009
0000000A
0000000B
0000000C
0000000F
00000010
00000011
00000015
00000016
00000016
00000017
00000019
0000001A
0000001B
0000001D
00000020
00000020
00000020
00000021
00000023
00000024
00000026
00000026
00000028
00000029
0000002F
00000030
00000032
00000033
00000036
00000038
0000003D
0000003D
0000003E
00000041
00000042
00000042
00000043
00000044
00000047
0000004B
0000004D
00000050
00000051
00000051
00000053
00000059
0000005A
0000005B
0000005C
0000005C
00000063
00000064
00000064`